+---------+----------+-----------------+-------+--------+---------+-----------------+
| threads | accounts | txns_per_thread | pct   | lock   | variant | mean_time (s)   |
+---------+----------+-----------------+-------+--------+---------+-----------------+
|       4 |  1000000 |            2500 |    30 | mutex  | coarse  |          0.042549 |
|       4 |  1000000 |            2500 |    30 | mutex  | fine    |          0.041470 |
|       4 |  1000000 |            2500 |    30 | rwlock | coarse  |          0.053891 |
|       4 |  1000000 |            2500 |    30 | rwlock | fine    |          0.053082 |
|       4 |  1000000 |            2500 |    50 | mutex  | coarse  |          0.042484 |
|       4 |  1000000 |            2500 |    50 | mutex  | fine    |          0.041571 |
|       4 |  1000000 |            2500 |    50 | rwlock | coarse  |          0.053397 |
|       4 |  1000000 |            2500 |    50 | rwlock | fine    |          0.052843 |
|       4 |  1000000 |            2500 |    70 | mutex  | coarse  |          0.041391 |
|       4 |  1000000 |            2500 |    70 | mutex  | fine    |          0.040975 |
|       4 |  1000000 |            2500 |    70 | rwlock | coarse  |          0.050299 |
|       4 |  1000000 |            2500 |    70 | rwlock | fine    |          0.050215 |
|       4 |  1000000 |            5000 |    30 | mutex  | coarse  |          0.044187 |
|       4 |  1000000 |            5000 |    30 | mutex  | fine    |          0.044813 |
|       4 |  1000000 |            5000 |    30 | rwlock | coarse  |          0.056207 |
|       4 |  1000000 |            5000 |    30 | rwlock | fine    |          0.052945 |
|       4 |  1000000 |            5000 |    50 | mutex  | coarse  |          0.044190 |
|       4 |  1000000 |            5000 |    50 | mutex  | fine    |          0.043465 |
|       4 |  1000000 |            5000 |    50 | rwlock | coarse  |          0.053086 |
|       4 |  1000000 |            5000 |    50 | rwlock | fine    |          0.054341 |
|       4 |  1000000 |            5000 |    70 | mutex  | coarse  |          0.045077 |
|       4 |  1000000 |            5000 |    70 | mutex  | fine    |          0.043174 |
|       4 |  1000000 |            5000 |    70 | rwlock | coarse  |          0.053502 |
|       4 |  1000000 |            5000 |    70 | rwlock | fine    |          0.052671 |
|       4 |  1000000 |           10000 |    30 | mutex  | coarse  |          0.048433 |
|       4 |  1000000 |           10000 |    30 | mutex  | fine    |          0.046167 |
|       4 |  1000000 |           10000 |    30 | rwlock | coarse  |          0.057433 |
|       4 |  1000000 |           10000 |    30 | rwlock | fine    |          0.057651 |
|       4 |  1000000 |           10000 |    50 | mutex  | coarse  |          0.048734 |
|       4 |  1000000 |           10000 |    50 | mutex  | fine    |          0.047253 |
|       4 |  1000000 |           10000 |    50 | rwlock | coarse  |          0.059738 |
|       4 |  1000000 |           10000 |    50 | rwlock | fine    |          0.058541 |
|       4 |  1000000 |           10000 |    70 | mutex  | coarse  |          0.049468 |
|       4 |  1000000 |           10000 |    70 | mutex  | fine    |          0.050745 |
|       4 |  1000000 |           10000 |    70 | rwlock | coarse  |          0.057980 |
|       4 |  1000000 |           10000 |    70 | rwlock | fine    |          0.059309 |
|       4 |  5000000 |            2500 |    30 | mutex  | coarse  |          0.209823 |
|       4 |  5000000 |            2500 |    30 | mutex  | fine    |          0.194683 |
|       4 |  5000000 |            2500 |    30 | rwlock | coarse  |          0.274033 |
|       4 |  5000000 |            2500 |    30 | rwlock | fine    |          0.234990 |
|       4 |  5000000 |            2500 |    50 | mutex  | coarse  |          0.209617 |
|       4 |  5000000 |            2500 |    50 | mutex  | fine    |          0.203634 |
|       4 |  5000000 |            2500 |    50 | rwlock | coarse  |          0.252006 |
|       4 |  5000000 |            2500 |    50 | rwlock | fine    |          0.263494 |
|       4 |  5000000 |            2500 |    70 | mutex  | coarse  |          0.201740 |
|       4 |  5000000 |            2500 |    70 | mutex  | fine    |          0.190000 |
|       4 |  5000000 |            2500 |    70 | rwlock | coarse  |          0.257752 |
|       4 |  5000000 |            2500 |    70 | rwlock | fine    |          0.262384 |
|       4 |  5000000 |            5000 |    30 | mutex  | coarse  |          0.199453 |
|       4 |  5000000 |            5000 |    30 | mutex  | fine    |          0.196220 |
|       4 |  5000000 |            5000 |    30 | rwlock | coarse  |          0.253326 |
|       4 |  5000000 |            5000 |    30 | rwlock | fine    |          0.240768 |
|       4 |  5000000 |            5000 |    50 | mutex  | coarse  |          0.200706 |
|       4 |  5000000 |            5000 |    50 | mutex  | fine    |          0.199768 |
|       4 |  5000000 |            5000 |    50 | rwlock | coarse  |          0.270126 |
|       4 |  5000000 |            5000 |    50 | rwlock | fine    |          0.243940 |
|       4 |  5000000 |            5000 |    70 | mutex  | coarse  |          0.202403 |
|       4 |  5000000 |            5000 |    70 | mutex  | fine    |          0.198385 |
|       4 |  5000000 |            5000 |    70 | rwlock | coarse  |          0.266377 |
|       4 |  5000000 |            5000 |    70 | rwlock | fine    |          0.236860 |
|       4 |  5000000 |           10000 |    30 | mutex  | coarse  |          0.211625 |
|       4 |  5000000 |           10000 |    30 | mutex  | fine    |          0.205172 |
|       4 |  5000000 |           10000 |    30 | rwlock | coarse  |          0.273343 |
|       4 |  5000000 |           10000 |    30 | rwlock | fine    |          0.245928 |
|       4 |  5000000 |           10000 |    50 | mutex  | coarse  |          0.209670 |
|       4 |  5000000 |           10000 |    50 | mutex  | fine    |          0.211149 |
|       4 |  5000000 |           10000 |    50 | rwlock | coarse  |          0.257714 |
|       4 |  5000000 |           10000 |    50 | rwlock | fine    |          0.244600 |
|       4 |  5000000 |           10000 |    70 | mutex  | coarse  |          0.204911 |
|       4 |  5000000 |           10000 |    70 | mutex  | fine    |          0.202324 |
|       4 |  5000000 |           10000 |    70 | rwlock | coarse  |          0.263979 |
|       4 |  5000000 |           10000 |    70 | rwlock | fine    |          0.252058 |
|       4 | 10000000 |            2500 |    30 | mutex  | coarse  |          0.459888 |
|       4 | 10000000 |            2500 |    30 | mutex  | fine    |          0.392001 |
|       4 | 10000000 |            2500 |    30 | rwlock | coarse  |          0.542148 |
|       4 | 10000000 |            2500 |    30 | rwlock | fine    |          0.466533 |
|       4 | 10000000 |            2500 |    50 | mutex  | coarse  |          0.399049 |
|       4 | 10000000 |            2500 |    50 | mutex  | fine    |          0.405636 |
|       4 | 10000000 |            2500 |    50 | rwlock | coarse  |          0.536367 |
|       4 | 10000000 |            2500 |    50 | rwlock | fine    |          0.462301 |
|       4 | 10000000 |            2500 |    70 | mutex  | coarse  |          0.383414 |
|       4 | 10000000 |            2500 |    70 | mutex  | fine    |          0.425165 |
|       4 | 10000000 |            2500 |    70 | rwlock | coarse  |          0.492764 |
|       4 | 10000000 |            2500 |    70 | rwlock | fine    |          0.503408 |
|       4 | 10000000 |            5000 |    30 | mutex  | coarse  |          0.402737 |
|       4 | 10000000 |            5000 |    30 | mutex  | fine    |          0.419567 |
|       4 | 10000000 |            5000 |    30 | rwlock | coarse  |          0.567308 |
|       4 | 10000000 |            5000 |    30 | rwlock | fine    |          0.475468 |
|       4 | 10000000 |            5000 |    50 | mutex  | coarse  |          0.377996 |
|       4 | 10000000 |            5000 |    50 | mutex  | fine    |          0.419558 |
|       4 | 10000000 |            5000 |    50 | rwlock | coarse  |          0.496769 |
|       4 | 10000000 |            5000 |    50 | rwlock | fine    |          0.504467 |
|       4 | 10000000 |            5000 |    70 | mutex  | coarse  |          0.399429 |
|       4 | 10000000 |            5000 |    70 | mutex  | fine    |          0.400353 |
|       4 | 10000000 |            5000 |    70 | rwlock | coarse  |          0.527706 |
|       4 | 10000000 |            5000 |    70 | rwlock | fine    |          0.463135 |
|       4 | 10000000 |           10000 |    30 | mutex  | coarse  |          0.389720 |
|       4 | 10000000 |           10000 |    30 | mutex  | fine    |          0.402490 |
|       4 | 10000000 |           10000 |    30 | rwlock | coarse  |          0.549540 |
|       4 | 10000000 |           10000 |    30 | rwlock | fine    |          0.501267 |
|       4 | 10000000 |           10000 |    50 | mutex  | coarse  |          0.412958 |
|       4 | 10000000 |           10000 |    50 | mutex  | fine    |          0.385296 |
|       4 | 10000000 |           10000 |    50 | rwlock | coarse  |          0.548392 |
|       4 | 10000000 |           10000 |    50 | rwlock | fine    |          0.512363 |
|       4 | 10000000 |           10000 |    70 | mutex  | coarse  |          0.407047 |
|       4 | 10000000 |           10000 |    70 | mutex  | fine    |          0.385974 |
|       4 | 10000000 |           10000 |    70 | rwlock | coarse  |          0.499822 |
|       4 | 10000000 |           10000 |    70 | rwlock | fine    |          0.504711 |
+---------+----------+-----------------+-------+--------+---------+-----------------+