
Array Size   Threads    Avg Time(s)
----------------------------------------
100000       1          0.007     
100000       2          0.005     
100000       4          0.005     
100000       8          0.004     
100000       16         0.004     
10000000     1          0.973     
10000000     2          0.621     
10000000     4          0.501     
10000000     8          0.355     
10000000     16         0.237     
100000000    1          11.149    
100000000    2          7.051     
100000000    4          5.738     
100000000    8          3.818     
100000000    16         2.689     
