Array Size   Threads    Avg Time(s)
----------------------------------------
100000       1          0.010     
100000       2          0.006     
100000       4          0.005     
100000       8          0.005     
100000       12         0.008     
10000000     1          1.161     
10000000     2          0.772     
10000000     4          0.608     
10000000     8          0.415     
10000000     12         0.322     
100000000    1          12.942    
100000000    2          8.730     
100000000    4          6.792     
100000000    8          4.527     
100000000    12         3.614     
